200,-1,3,6,7,-6664,968,-16494,-1.01964,-89.3934
201,-1,2,10,4,-6678,996,-16490,-1.25882,-88.9649
202,-1,5,12,11,-6670,982,-16484,-1.37551,-89.117
203,-1,6,7,9,-6672,984,-16482,-1.06547,-88.058
204,-1,4,5,10,-6680,992,-16478,-0.938812,-87.0288
205,-1,0,11,4,-6668,994,-16476,-1.29922,-86.9326
206,-1,2,10,13,-6400,992,-16470,-1.2177,-85.949
207,-1,5,8,4,-6668,1006,-16448,-1.09055,-85.0209
208,-1,6,11,1,-6672,1000,-16480,-1.26846,-84.7177
209,-1,4,8,6,-6682,1000,-16472,-1.08104,-84.1452
210,-1,2,6,6,-6662,1010,-16492,-0.953493,-83.2602
211,-1,1,11,5,-6684,998,-16496,-1.25394,-83.1231
212,-1,4,9,11,-6676,982,-16484,-1.12708,-83.1417
213,-1,5,9,7,-6662,998,-16490,-1.1214,-82.0776
214,-1,4,7,7,-6660,1010,-16472,-0.993673,-81.4358
215,-1,3,10,269,-6664,1008,-16486,-1.17102,-81.3584
216,-1,4,10,4,-6666,990,-16482,-1.16554,-80.8018
217,-1,5,7,5,-6658,1010,-16496,-0.976721,-80.038
218,-1,4,10,4,-6404,1008,-16488,-1.14068,-78.8185
219,-1,4,9,1,-6666,984,-16502,-1.07447,-78.5888
220,-1,4,9,7,-6676,982,-16506,-1.06973,-77.7221
221,-1,3,7,5,-6652,1022,-16486,-0.941824,-77.2677
222,-1,2,10,2,-6680,1012,-16488,-1.1202,-77.0266
223,-1,4,9,3,-6678,996,-16472,-1.05455,-76.6579
224,-1,4,9,6,-6674,1010,-16486,-1.04967,-75.9118
225,-1,3,10,3,-6670,1010,-16482,-1.10554,-75.6422
226,-1,4,9,13,-6668,1006,-16492,-1.03935,-75.429
227,-1,5,8,6,-6664,1014,-16506,-0.972975,-74.6565
228,-1,4,8,6,-6666,1000,-16512,-0.96768,-74.075
229,-1,2,10,4,-6666,1014,-16494,-1.08433,-73.7393
230,-1,3,9,0,-6666,1012,-16484,-1.01805,-73.5275
231,-1,5,9,5,-6660,1004,-16496,-1.01247,-72.9339
232,-1,4,8,7,-6670,1014,-16476,-0.946404,-72.1893
233,-1,3,10,2,-6678,996,-16488,-1.06362,-72.1407
234,-1,4,10,3,-6672,994,-16488,-1.0586,-71.7097
235,-1,5,8,5,-6672,1008,-16482,-0.931631,-71.0974
236,-1,3,9,6,-6666,1010,-16504,-0.98731,-70.5303
237,-1,3,10,1,-6674,1016,-16502,-1.04336,-70.415
238,-1,4,10,3,-6668,998,-16488,-1.03815,-69.9791
239,-1,5,8,4,-6668,1008,-16490,-0.910995,-69.4232
240,-1,3,7,7,-6674,1008,-16490,-0.84511,-68.7641
241,-1,2,11,2,-6670,1022,-16506,-1.08391,-68.5221
242,-1,3,9,1,-6668,1012,-16472,-0.956774,-68.3983
243,-1,4,8,5,-6670,1004,-16468,-0.890718,-67.6112
244,-1,4,10,6,-6672,1012,-16460,-1.00767,-67.1972
245,-1,4,9,0,-6396,1022,-16474,-0.929682,-66.3925
246,-1,4,8,8,-6660,992,-16500,-0.863415,-65.5961
247,-1,4,8,4,-6664,1012,-16476,-0.858315,-65.1787
248,-1,3,9,3,-6672,1008,-16452,-0.914541,-64.9678
249,-1,4,9,1,-6674,1010,-16480,-0.909883,-64.7027
250,-1,5,9,7,-6670,1000,-16492,-0.905058,-64.0624
251,-1,5,8,1,-6670,998,-16470,-0.83927,-63.8506
252,-1,4,9,4,-6670,1010,-16450,-0.895435,-63.3965
253,-1,4,7,6,-6678,1286,-16484,-0.769032,-62.8431
254,-1,3,9,5,-6664,1284,-16486,-0.885946,-62.4981
255,-1,3,9,3,-6666,1010,-16478,-0.881004,-62.2212
256,-1,3,8,4,-6674,1280,-16476,-0.815435,-61.723
257,-1,4,10,2,-6678,1010,-16482,-0.932953,-61.4805
258,-1,4,8,2,-6676,1286,-16486,-0.806496,-61.173
259,-1,4,8,5,-6676,1292,-16510,-0.801998,-60.562
260,-1,4,10,4,-6676,1290,-16492,-0.919449,-60.3181
261,-1,4,10,2,-6676,1292,-16486,-0.914948,-60.0755
262,-1,4,8,6,-6678,1020,-16472,-0.788586,-59.5954
263,-1,4,8,5,-6680,1290,-16496,-0.784264,-59.1216
264,-1,4,10,2,-6672,1016,-16476,-0.901569,-58.9947
265,-1,5,9,2,-6680,1284,-16476,-0.836273,-58.7673
266,-1,4,8,8,-6672,1016,-16478,-0.770674,-57.9114
267,-1,3,8,4,-6664,1024,-16482,-0.765751,-57.6471
268,-1,3,10,2,-6664,1022,-16468,-0.882788,-57.5677
269,-1,5,9,4,-6660,1282,-16498,-0.816757,-57.1145
270,-1,5,8,4,-6690,1016,-16490,-0.751915,-56.6147
271,-1,4,8,4,-6680,1020,-16506,-0.747663,-56.2742
272,-1,3,9,4,-6682,1018,-16496,-0.804466,-56.0006
273,-1,3,10,4,-6664,1018,-16494,-0.86058,-55.6237
274,-1,4,7,3,-6674,1288,-16504,-0.673201,-55.3338
275,-1,4,8,4,-6688,1280,-16500,-0.73027,-54.8958
276,-1,4,9,5,-6666,1012,-16474,-0.786505,-54.5891
277,-1,3,8,4,-6680,1024,-16504,-0.72134,-54.1955
278,-1,4,9,2,-6680,1020,-16508,-0.778128,-54.047
279,-1,4,9,4,-6698,1292,-16508,-0.774618,-53.6981
280,-1,4,8,4,-6692,1018,-16500,-0.709911,-53.2745
281,-1,4,10,2,-6692,1282,-16504,-0.828119,-53.0954
282,-1,4,9,4,-6688,1282,-16472,-0.76325,-52.7857
283,-1,4,8,6,-6684,1282,-16474,-0.698244,-52.2846
284,-1,3,9,4,-6678,1288,-16484,-0.754969,-52.0146
285,-1,3,10,3,-6686,1282,-16494,-0.811991,-51.8862
286,-1,4,9,3,-6678,1294,-16488,-0.746773,-51.4965
287,-1,4,9,5,-6680,1016,-16486,-0.742611,-50.9907
288,-1,3,8,3,-6678,1288,-16470,-0.677416,-50.7864
289,-1,3,9,4,-6670,1016,-16468,-0.733891,-50.4433
290,-1,4,8,4,-6668,1002,-16478,-0.668365,-50.0973
291,-1,4,8,3,-6666,1290,-16480,-0.663763,-49.7484
292,-1,3,10,6,-6672,1282,-16468,-0.781338,-49.3539
293,-1,4,9,3,-6684,1018,-16488,-0.716427,-49.1707
294,-1,4,9,4,-6682,1282,-16492,-0.712425,-48.8011
295,-1,4,9,4,-6664,1292,-16474,-0.707794,-48.4535
296,-1,4,8,4,-6672,1294,-16464,-0.642496,-48.1255
297,-1,4,9,4,-6698,1280,-16478,-0.700073,-47.8566
298,-1,5,10,1,-6670,1290,-16510,-0.756662,-47.7092
299,-1,5,8,5,-6658,1286,-16496,-0.629927,-47.1711
300,-1,4,7,5,-6668,1292,-16494,-0.564547,-46.657
301,-1,3,10,3,-6664,1290,-16504,-0.742941,-46.5625
302,-1,3,9,3,-6674,1292,-16512,-0.677797,-46.2479
303,-1,4,9,4,-6678,1286,-16494,-0.67378,-45.8213
304,-1,4,9,3,-6686,1022,-16478,-0.67005,-45.6573
305,-1,4,9,3,-6686,1280,-16470,-0.666325,-45.3723
306,-1,4,8,5,-6660,1020,-16480,-0.600744,-44.91
307,-1,3,9,5,-6678,1010,-16486,-0.657749,-44.5494
308,-1,2,6,3,-6682,1312,-16506,-0.471016,-44.3206
309,-1,2,10,5,-6678,1306,-16474,-0.710978,-44.0233
310,-1,4,9,3,-6688,1306,-16480,-0.64641,-43.9315
311,-1,5,10,1,-6672,1294,-16488,-0.703253,-43.6845
312,-1,5,9,7,-6668,1012,-16488,-0.638021,-43.1255
313,-1,4,7,3,-6678,1298,-16498,-0.51218,-42.8941
314,-1,3,10,5,-6676,1292,-16482,-0.691154,-42.5378
315,-1,4,9,1,-6668,1310,-16484,-0.625969,-42.4707
316,-1,4,9,4,-6676,1304,-16468,-0.622044,-41.9952
317,-1,4,7,6,-6688,1292,-16482,-0.496592,-41.6072
318,-1,2,9,5,-6682,1310,-16490,-0.614845,-41.3294
319,-1,3,10,3,-6680,1316,-16478,-0.67206,-41.2314
320,-1,4,10,1,-6676,1298,-16490,-0.668171,-41.0651
321,-1,5,9,5,-6670,1288,-16482,-0.603119,-40.5217
322,-1,4,8,4,-6674,1014,-16474,-0.538223,-40.232
323,-1,3,9,3,-6684,1294,-16466,-0.595617,-40.0864
324,-1,3,9,6,-6680,1284,-16492,-0.591913,-39.6895
325,-1,4,8,2,-6684,1300,-16508,-0.527382,-39.5459
326,-1,4,9,5,-6672,1294,-16484,-0.584414,-39.1955
327,-1,4,9,5,-6676,1312,-16496,-0.580616,-38.8548
328,-1,4,9,2,-6674,1308,-16484,-0.576765,-38.755
329,-1,4,10,5,-6678,1306,-16484,-0.634029,-38.4209
330,-1,5,9,3,-6686,1304,-16482,-0.569613,-38.1043
331,-1,4,9,4,-6688,1298,-16478,-0.566244,-37.9146
332,-1,4,9,5,-6688,1316,-16484,-0.562881,-37.5429
333,-1,4,9,4,-6684,1298,-16482,-0.559397,-37.3467
334,-1,4,9,3,-6664,1296,-16476,-0.555275,-37.1108
335,-1,4,9,4,-6676,1304,-16488,-0.551558,-36.8399
336,-1,4,9,4,-6674,1302,-16468,-0.547789,-36.5052
337,-1,4,8,5,-6670,1310,-16468,-0.482937,-36.1636
338,-1,4,9,3,-6674,1296,-16480,-0.540176,-36.0145
339,-1,4,10,5,-6694,1310,-16488,-0.598066,-35.724
340,-1,4,8,3,-6702,1312,-16474,-0.473295,-35.5722
341,-1,4,9,4,-6692,1308,-16480,-0.53113,-35.2787
342,-1,4,8,4,-6676,1288,-16468,-0.466516,-34.9538
343,-1,4,9,3,-6670,1306,-16464,-0.523672,-34.801
344,-1,3,8,5,-6676,1310,-16472,-0.459091,-34.4177
345,-1,4,10,3,-6690,1300,-16478,-0.577887,-34.3075
346,-1,4,9,4,-6670,1300,-16490,-0.513128,-33.9752
347,-1,4,9,4,-6682,1286,-16458,-0.509741,-33.7291
348,-1,4,8,3,-6672,1314,-16470,-0.44508,-33.4641
349,-1,4,11,3,-6672,1312,-16454,-0.624323,-33.3224
350,-1,5,8,3,-6684,1302,-16472,-0.438112,-33.1448
351,-1,5,9,5,-6674,1304,-16462,-0.495497,-32.5825
352,-1,4,9,4,-6662,1310,-16482,-0.491545,-32.4245
353,-1,3,8,4,-6678,1320,-16468,-0.427145,-32.2387
354,-1,4,10,4,-6676,1296,-16488,-0.545612,-31.9891
355,-1,5,8,4,-6670,1300,-16504,-0.42001,-31.7288
356,-1,5,9,3,-6678,1314,-16492,-0.477598,-31.4856
357,-1,4,10,4,-6686,1294,-16486,-0.535444,-31.1983
358,-1,4,8,3,-6676,1324,-16490,-0.410067,-30.9532
359,-1,4,9,3,-6680,1314,-16512,-0.467751,-30.778
360,-1,4,10,4,-6698,1288,-16488,-0.526003,-30.5172
361,-1,4,8,4,-6670,1294,-16476,-0.400467,-30.324
362,-1,4,9,4,-6684,1302,-16476,-0.458305,-30.0985
363,-1,4,8,3,-6696,1296,-16478,-0.394581,-29.8365
364,-1,4,10,3,-6674,1302,-16460,-0.5131,-29.654
365,-1,4,9,4,-6682,1298,-16470,-0.448954,-29.4273
366,-1,4,9,4,-6690,1308,-16462,-0.446041,-29.1562
367,-1,4,9,4,-6692,1304,-16474,-0.443197,-29.0117
368,-1,4,8,3,-6672,1302,-16478,-0.378773,-28.707
369,-1,5,8,3,-6662,1308,-16480,-0.375036,-28.5671
370,-1,4,9,4,-6668,1298,-16468,-0.432478,-28.1965
371,-1,4,9,4,-6668,1312,-16472,-0.428961,-27.9491
372,-1,4,9,4,-6672,1306,-16486,-0.425585,-27.7719
373,-1,4,9,4,-6670,1312,-16490,-0.422161,-27.4701
374,-1,4,9,4,-6684,1322,-16480,-0.419184,-27.2576
375,-1,4,9,4,-6678,1326,-16490,-0.416031,-27.0954
376,-1,4,9,4,-6684,1310,-16494,-0.413074,-26.8848
377,-1,4,9,4,-6678,1308,-16468,-0.409945,-26.6026
378,-1,4,9,4,-6690,1318,-16462,-0.407192,-26.4055
379,-1,4,9,4,-6688,1316,-16482,-0.404387,-26.2054
380,-1,4,9,4,-6680,1316,-16482,-0.401344,-25.9906
381,-1,4,10,4,-6686,1312,-16488,-0.459469,-25.7883
382,-1,4,9,4,-6702,1312,-16474,-0.396137,-25.6786
383,-1,4,9,3,-6694,1306,-16482,-0.393541,-25.493
384,-1,5,9,4,-6694,1282,-16492,-0.390951,-25.3079
385,-1,5,9,4,-6674,1296,-16490,-0.387758,-25.0852
386,-1,5,9,4,-6660,1300,-16482,-0.384155,-24.8369
387,-1,5,8,4,-6686,1300,-16480,-0.320393,-24.6398
388,-1,5,9,4,-6692,1300,-16488,-0.378769,-24.4551
389,-1,4,9,4,-6684,1304,-16488,-0.375935,-24.1947
390,-1,4,9,3,-6676,1310,-16468,-0.372869,-23.981
391,-1,4,9,3,-6698,1314,-16468,-0.370483,-23.8104
392,-1,4,9,3,-6678,1314,-16496,-0.367496,-23.6021
393,-1,4,9,4,-6688,1312,-16510,-0.364824,-23.4749
394,-1,4,9,4,-6666,1310,-16492,-0.361496,-23.1847
395,-1,4,9,4,-6674,1290,-16472,-0.358429,-23.033
396,-1,4,8,3,-6688,1312,-16492,-0.294828,-22.8481
397,-1,5,10,4,-6672,1312,-16476,-0.413673,-22.6336
398,-1,4,9,4,-6684,1314,-16456,-0.34997,-22.3821
399,-1,4,9,4,-6682,1314,-16466,-0.347193,-22.2497
400,-1,4,9,3,-6684,1310,-16472,-0.344486,-22
401,-1,4,9,4,-6688,1302,-16490,-0.341911,-21.8198
402,-1,4,9,3,-6676,1306,-16500,-0.338984,-21.6786
403,-1,4,9,4,-6688,1304,-16468,-0.336432,-21.5003
404,-1,5,9,4,-6678,1300,-16466,-0.333588,-21.3038
405,-1,5,9,4,-6680,1306,-16512,-0.330816,-21.1121
406,-1,5,9,4,-6690,1306,-16494,-0.328358,-20.9403
407,-1,5,9,4,-6674,1312,-16480,-0.325428,-20.739
408,-1,4,9,4,-6674,1292,-16460,-0.322512,-20.4779
409,-1,4,9,4,-6682,1294,-16468,-0.319851,-20.294
410,-1,4,9,4,-6678,1306,-16504,-0.317081,-20.1035
411,-1,4,8,4,-6680,1314,-16488,-0.253416,-19.9788
412,-1,4,9,3,-6672,1314,-16488,-0.311472,-19.7789
413,-1,4,10,3,-6678,1308,-16462,-0.36972,-19.5306
414,-1,4,9,4,-6680,1308,-16490,-0.306089,-19.3481
415,-1,4,9,4,-6678,1294,-16450,-0.303387,-19.2238
416,-1,4,9,3,-6670,1314,-16484,-0.300457,-19.0244
417,-1,5,9,4,-6676,1292,-16482,-0.297724,-18.8376
418,-1,4,9,4,-6688,1306,-16486,-0.295362,-18.6134
419,-1,4,10,4,-6680,1312,-16480,-0.353743,-18.4969
420,-1,4,8,4,-6690,1318,-16478,-0.229513,-18.2783
421,-1,4,10,4,-6684,1312,-16482,-0.349009,-18.1101
422,-1,4,8,4,-6690,1316,-16492,-0.224798,-17.954
423,-1,4,10,4,-6682,1306,-16468,-0.344254,-17.8445
424,-1,4,8,4,-6668,1326,-16460,-0.219406,-17.5877
425,-1,4,9,4,-6664,1314,-16498,-0.277382,-17.4466
426,-1,4,9,4,-6680,1312,-16492,-0.274879,-17.2149
427,-1,4,7,4,-6690,1318,-16468,-0.150745,-17.064
428,-1,4,10,4,-6688,1318,-16464,-0.331432,-16.9711
429,-1,4,10,4,-6666,1314,-16474,-0.328543,-16.7156
430,-1,4,8,4,-6672,1304,-16478,-0.203903,-16.5336
431,-1,4,10,4,-6670,1300,-16466,-0.323116,-16.4101
432,-1,4,9,4,-6690,1308,-16492,-0.260014,-16.2033
433,-1,4,9,4,-6680,1310,-16506,-0.257599,-16.0394
434,-1,4,9,4,-6676,1294,-16508,-0.255077,-15.93
435,-1,4,9,4,-6680,1300,-16490,-0.252687,-15.7071
436,-1,4,9,4,-6668,1310,-16498,-0.249954,-15.5847
437,-1,4,9,4,-6680,1316,-16482,-0.247595,-15.425
438,-1,5,9,3,-6682,1326,-16494,-0.245308,-15.27
439,-1,5,9,4,-6688,1312,-16472,-0.24321,-15.1271
440,-1,5,9,4,-6686,1294,-16452,-0.241062,-14.9812
441,-1,5,9,4,-6694,1296,-16488,-0.239161,-14.851
442,-1,4,9,4,-6694,1308,-16466,-0.237267,-14.6605
443,-1,4,8,3,-6676,1304,-16486,-0.173876,-14.4979
444,-1,4,11,4,-6690,1314,-16484,-0.354805,-14.3625
445,-1,4,8,4,-6684,1294,-16476,-0.169718,-14.2165
446,-1,4,9,4,-6670,1308,-16482,-0.228125,-14.1061
447,-1,4,10,4,-6676,1314,-16482,-0.286724,-13.9472
448,-1,4,8,4,-6686,1308,-16448,-0.162712,-13.7471
449,-1,4,9,4,-6678,1304,-16486,-0.221397,-13.6547
450,-1,4,9,4,-6696,1312,-16472,-0.219656,-13.475
451,-1,4,8,3,-6682,1316,-16474,-0.156536,-13.3306
452,-1,4,9,3,-6678,1298,-16474,-0.215258,-13.2406
453,-1,4,9,4,-6660,1300,-16482,-0.212484,-13.0569
454,-1,5,8,3,-6662,1308,-16494,-0.148821,-12.8784
455,-1,5,10,4,-6694,1318,-16482,-0.269045,-12.761
456,-1,5,9,4,-6700,1310,-16476,-0.206528,-12.6555
457,-1,5,8,3,-6690,1316,-16472,-0.143724,-12.5317
458,-1,5,10,4,-6690,1328,-16460,-0.263849,-12.4085
459,-1,5,9,4,-6682,1300,-16466,-0.200819,-12.271
460,-1,4,8,4,-6684,1306,-16474,-0.137867,-12.0772
461,-1,4,11,4,-6688,1316,-16510,-0.318935,-12.0136
462,-1,4,8,4,-6676,1314,-16470,-0.133808,-11.8064
463,-1,4,11,4,-6686,1308,-16492,-0.314835,-11.7408
464,-1,4,9,4,-6682,1312,-16484,-0.190874,-11.5465
465,-1,4,8,4,-6686,1304,-16496,-0.128027,-11.4825
466,-1,4,9,3,-6690,1286,-16500,-0.187256,-11.3048
467,-1,4,8,4,-6688,1310,-16484,-0.124491,-11.185
468,-1,4,9,4,-6680,1304,-16484,-0.183447,-11.1119
469,-1,4,9,4,-6684,1312,-16506,-0.181559,-10.9863
470,-1,5,9,4,-6682,1302,-16476,-0.179623,-10.8576
471,-1,5,9,3,-6688,1302,-16458,-0.177876,-10.7411
472,-1,5,11,4,-6684,1316,-16478,-0.297962,-10.6178
473,-1,4,6,4,-6672,1314,-16468,0.0091114,-10.4119
474,-1,5,10,3,-6692,1306,-16472,-0.233198,-10.4273
475,-1,5,9,4,-6686,1286,-16466,-0.17046,-10.2492
476,-1,5,8,4,-6680,1286,-16496,-0.107559,-10.1216
477,-1,4,11,4,-6680,1318,-16480,-0.288563,-9.93397
478,-1,4,8,4,-6682,1312,-16260,-0.103788,-9.87287
479,-1,4,9,4,-6666,1314,-16510,-0.162453,-9.72178
480,-1,4,9,3,-6684,1318,-16496,-0.160694,-9.54453
481,-1,4,9,3,-6670,1314,-16460,-0.158531,-9.40292
482,-1,4,8,3,-6678,1318,-16474,-0.0956516,-9.27735
483,-1,4,11,4,-6698,1310,-16480,-0.277267,-9.251
484,-1,4,7,4,-6682,1316,-16462,-0.0315971,-9.07328
485,-1,4,11,3,-6686,1316,-16462,-0.273851,-9.02579
486,-1,4,8,4,-6682,1308,-16478,-0.0891724,-8.84961
487,-1,4,9,4,-6676,1294,-16478,-0.148228,-8.785
488,-1,4,9,4,-6672,1308,-16484,-0.146204,-8.65291
489,-1,4,8,4,-6684,1322,-16478,-0.0835819,-8.48329
490,-1,4,10,4,-6680,1304,-16484,-0.20377,-8.42892
491,-1,4,9,4,-6680,1308,-16492,-0.141045,-8.25345
492,-1,4,10,4,-6672,1294,-16502,-0.200041,-8.18585
493,-1,4,8,4,-6694,1304,-16486,-0.0767822,-8.0384
494,-1,4,9,4,-6690,1312,-16502,-0.136335,-8.00594
495,-1,4,9,4,-6682,1304,-16484,-0.134686,-7.89818
496,-1,4,8,4,-6674,1316,-16488,-0.0718422,-7.71531
497,-1,4,8,3,-6696,1304,-16484,-0.0706425,-7.63545
498,-1,4,10,3,-6686,1298,-16476,-0.191097,-7.59836
499,-1,4,9,4,-6674,1292,-16486,-0.128281,-7.47859
500,-1,4,9,4,-6678,1306,-16470,-0.126572,-7.3063
501,-1,4,10,4,-6676,1306,-16472,-0.185787,-7.19213
502,-1,4,9,4,-6674,1316,-16506,-0.123005,-7.07517
503,-1,4,9,4,-6672,1316,-16510,-0.121153,-6.95544
504,-1,4,8,4,-6666,1322,-16268,-0.0581703,-6.82554
505,-1,4,9,3,-6676,1310,-16492,-0.117449,-6.77643
506,-1,4,9,4,-6694,1324,-16466,-0.116299,-6.70083
507,-1,4,10,4,-6692,1310,-16458,-0.176065,-6.561
508,-1,4,9,4,-6684,1308,-16460,-0.113651,-6.5287
509,-1,4,9,4,-6674,1298,-16492,-0.111927,-6.35651
510,-1,4,8,3,-6676,1308,-16480,-0.049305,-6.24998
511,-1,4,9,4,-6684,1312,-16474,-0.108881,-6.15928
512,-1,4,8,4,-6688,1306,-16476,-0.0466423,-6.07674
513,-1,4,10,4,-6676,1304,-16468,-0.166977,-6.03338
514,-1,4,8,4,-6694,1308,-16472,-0.0439606,-5.90256
515,-1,4,10,4,-6694,1310,-16476,-0.164846,-5.89412
516,-1,4,8,3,-6682,1312,-16462,-0.0414867,-5.7418
517,-1,4,10,4,-6692,1310,-16476,-0.162329,-5.66986
518,-1,4,9,3,-6678,1310,-16480,-0.0998363,-5.57229
519,-1,4,10,4,-6682,1296,-16476,-0.159422,-5.54398
520,-1,4,9,4,-6668,1300,-16468,-0.0966511,-5.42931
521,-1,5,9,4,-6664,1308,-16482,-0.0947552,-5.30825
522,-1,5,9,4,-6668,1308,-16466,-0.0929947,-5.1958
523,-1,5,10,4,-6686,1310,-16488,-0.152754,-5.11801
524,-1,4,8,4,-6680,1308,-16474,-0.0294228,-4.96866
525,-1,4,10,3,-6690,1292,-16466,-0.150293,-4.96068
526,-1,4,8,4,-6666,1298,-16484,-0.0265656,-4.84744
527,-1,4,10,4,-6654,1296,-16472,-0.146395,-4.65194
528,-1,4,8,4,-6672,1298,-16460,-0.0228825,-4.55239
529,-1,4,10,4,-6670,1304,-16478,-0.143219,-4.51101
530,-1,4,8,4,-6690,1302,-16494,-0.0202675,-4.38599
531,-1,4,10,4,-6680,1296,-16470,-0.140923,-4.36475
532,-1,4,8,4,-6676,1306,-16486,-0.0175743,-4.21482
533,-1,4,9,4,-6690,1300,-16468,-0.0775757,-4.2138
534,-1,4,9,4,-6678,1302,-16466,-0.0762539,-4.06891
535,-1,4,9,4,-6666,1320,-16464,-0.0745888,-4.02434
536,-1,4,9,4,-6668,1314,-16504,-0.072998,-3.92358
537,-1,5,9,4,-6688,1328,-16482,-0.0720158,-3.86116
538,-1,5,9,4,-6688,1312,-16486,-0.0710392,-3.79925
539,-1,5,8,4,-6686,1322,-16470,-0.00904274,-3.73412
540,-1,5,10,3,-6678,1308,-16482,-0.129736,-3.65461
541,-1,5,8,4,-6660,1308,-16462,-0.00601196,-3.54224
542,-1,5,10,4,-6688,1306,-16488,-0.127029,-3.48333
543,-1,4,9,4,-6688,1314,-16486,-0.0651283,-3.36394
544,-1,4,9,4,-6686,1310,-16494,-0.0641518,-3.30229
545,-1,4,9,4,-6694,1310,-16480,-0.0634193,-3.25611
546,-1,4,9,4,-6674,1318,-16468,-0.0620995,-3.23392
547,-1,4,9,4,-6674,1322,-16496,-0.060791,-3.0906
548,-1,4,9,4,-6688,1316,-16488,-0.0599098,-3.0962
549,-1,4,9,4,-6686,1318,-16492,-0.0589752,-3.03757
550,-1,4,9,3,-6670,1310,-16476,-0.0575752,-2.88862
551,-1,4,9,3,-6668,1308,-16482,-0.0561295,-2.85879
552,-1,4,11,4,-6692,1308,-16480,-0.177351,-2.81376
553,-1,4,8,4,-6678,1318,-16470,0.00671005,-2.68198
554,-1,4,9,3,-6678,1338,-16508,-0.0531406,-2.67285
555,-1,4,9,3,-6680,1310,-16480,-0.0520859,-2.54622
556,-1,4,9,4,-6686,1304,-16478,-0.051218,-2.49242
557,-1,4,11,4,-6674,1306,-16478,-0.171946,-2.41671
558,-1,4,5,3,-6674,1314,-16504,0.195103,-2.3418
559,-1,4,12,4,-6680,1294,-16488,-0.230709,-2.33985
560,-1,4,7,4,-6694,1312,-16474,0.0747547,-2.24273
561,-1,4,10,4,-6678,1308,-16490,-0.107111,-2.23797
562,-1,4,9,4,-6682,1316,-16474,-0.0452042,-2.11942
563,-1,4,9,4,-6688,1320,-16472,-0.0444603,-2.07363
564,-1,4,9,3,-6698,1310,-16470,-0.0440178,-2.10791
565,-1,4,9,4,-6682,1308,-16490,-0.0431042,-1.99055
566,-1,4,8,4,-6670,1308,-16490,0.0191269,-1.85136
567,-1,4,9,3,-6672,1312,-16492,-0.0406628,-1.89969
568,-1,4,10,3,-6672,1318,-16488,-0.100462,-1.76591
569,-1,4,10,4,-6676,1304,-16472,-0.099411,-1.76235
570,-1,4,7,4,-6694,1296,-16474,0.084013,-1.67116
571,-1,4,12,4,-6666,1316,-16462,-0.219528,-1.64988
572,-1,4,7,4,-6674,1306,-16490,0.0864258,-1.52254
573,-1,4,9,4,-6678,1316,-16458,-0.0345783,-1.52535
574,-1,4,11,4,-6686,1298,-16488,-0.155821,-1.48277
575,-1,4,8,4,-6682,1312,-16468,0.0279217,-1.37218
576,-1,4,8,4,-6400,1322,-16490,0.0370789,-0.857298
577,-1,4,11,4,-6678,1310,-16466,-0.145033,-0.808138
578,-1,4,7,4,-6702,1316,-16444,0.0989552,-0.743416
579,-1,4,10,4,-6400,1306,-16472,-0.0749321,-0.23646
580,-1,4,9,4,-6684,1316,-16454,-0.0134468,-0.145441
581,-1,4,6,4,-6676,1330,-16456,0.170206,-0.10083
582,-1,4,13,4,-6674,1312,-16462,-0.255829,-0.114021
583,-1,4,6,4,-6688,1308,-16464,0.171358,0.0289364
584,-1,4,10,3,-6678,1318,-16482,-0.0718899,-0.114559
585,-1,4,8,4,-6684,1316,-16498,0.0505238,0.0351009
586,-1,4,9,4,-6678,1314,-16486,-0.00981331,0.0736599
587,-1,4,9,4,-6678,1314,-16478,-0.00918388,0.050745
588,-1,4,8,4,-6688,1310,-16472,0.0521107,0.0696239
589,-1,5,10,4,-6694,1322,-16478,-0.0696945,0.0770416
590,-1,4,7,4,-6678,1304,-16510,0.11384,0.175224
591,-1,4,12,4,-6672,1310,-16480,-0.190245,0.162178
592,-1,4,5,3,-6680,1314,-16470,0.237112,0.255495
593,-1,4,13,4,-6682,1302,-16460,-0.250214,0.222692
594,-1,4,5,4,-6686,1308,-16496,0.23793,0.364948
595,-1,4,11,4,-6690,1298,-16476,-0.127699,0.255548
596,-1,4,9,4,-6692,1308,-16456,-0.00558472,0.32515
597,-1,4,7,3,-6692,1310,-16476,0.116516,0.333639
598,-1,4,12,4,-6702,1312,-16498,-0.188494,0.262339
599,-1,4,8,4,-6686,1306,-16482,0.055748,0.342993
600,-1,4,10,4,-6668,1304,-16484,-0.0653286,0.335058
601,-1,4,7,4,-6674,1304,-16508,0.118273,0.437143
602,-1,4,10,4,-6672,1314,-16482,-0.0639229,0.420456
603,-1,4,9,4,-6698,1328,-16486,-0.00299644,0.476521
604,-1,4,10,4,-6696,1320,-16482,-0.0639572,0.414408
605,-1,4,10,4,-6704,1324,-16482,-0.0641747,0.45927
606,-1,4,9,4,-6682,1306,-16492,-0.00275993,0.423475
607,-1,4,8,3,-6692,1308,-16490,0.0583458,0.429607
608,-1,5,11,4,-6676,1314,-16488,-0.123966,0.465528
609,-1,4,8,3,-6682,1294,-16496,0.0593834,0.550705
610,-1,4,10,4,-6684,1296,-16490,-0.0622025,0.509844
611,-1,4,9,4,-6690,1304,-16482,-0.00104523,0.579414
612,-1,4,7,4,-6684,1308,-16500,0.121252,0.59907
613,-1,4,10,3,-6688,1316,-16492,-0.0614452,0.549978
614,-1,4,8,4,-6678,1312,-16510,0.0610237,0.641323
615,-1,4,9,4,-6686,1320,-16494,0.000324249,0.6563
616,-1,4,10,4,-6678,1324,-16488,-0.0601387,0.625015
617,-1,4,8,4,-6672,1310,-16474,0.0624905,0.665485
618,-1,5,10,4,-6668,1302,-16466,-0.0586662,0.712854
619,-1,4,9,4,-6680,1306,-16476,0.00273705,0.798098
620,-1,4,9,3,-6690,1318,-16482,0.00286102,0.742332
621,-1,4,9,3,-6690,1314,-16466,0.002985,0.747417
622,-1,5,10,4,-6694,1320,-16480,-0.0579834,0.744902
623,-1,4,8,3,-6692,1314,-16470,0.0640278,0.80707
624,-1,4,9,4,-6676,1314,-16464,0.00358772,0.777121
625,-1,4,9,4,-6688,1314,-16502,0.00375938,0.846226
626,-1,4,10,4,-6692,1316,-16486,-0.0571613,0.785742
627,-1,4,8,4,-6682,1316,-16472,0.065136,0.865826
628,-1,4,11,4,-6660,1318,-16464,-0.116787,0.864773
629,-1,4,9,4,-6670,1308,-16486,0.00585747,0.966127
630,-1,4,8,4,-6676,1302,-16462,0.0673332,0.994698
631,-1,4,9,4,-6670,1318,-16478,0.00703049,0.973066
632,-1,4,9,3,-6680,1306,-16488,0.0073967,0.993134
633,-1,4,9,4,-6682,1298,-16492,0.00769806,1.0701
634,-1,4,9,3,-6682,1302,-16494,0.00799561,1.0858
635,-1,4,9,4,-6674,1306,-16488,0.00852585,1.05519
636,-1,4,9,4,-6688,1308,-16478,0.00863266,1.05892
637,-1,4,9,4,-6682,1300,-16454,0.00891685,1.1347
638,-1,4,9,4,-6690,1314,-16484,0.00895882,1.07331
639,-1,4,10,4,-6690,1306,-16498,-0.0519714,1.07281
640,-1,4,9,4,-6678,1304,-16484,0.00940514,1.15564
641,-1,4,10,4,-6680,1314,-16466,-0.0512314,1.11242
642,-1,4,8,4,-6682,1310,-16442,0.0709896,1.18708
643,-1,4,10,3,-6668,1302,-16492,-0.0502758,1.1657
644,-1,4,9,4,-6682,1302,-16494,0.0109615,1.23949
645,-1,4,10,4,-6684,1296,-16484,-0.0498123,1.18734
646,-1,4,9,4,-6680,1320,-16454,0.0114803,1.2644
647,-1,4,9,3,-6688,1322,-16460,0.0115547,1.20425
648,-1,4,9,4,-6694,1320,-16480,0.0114498,1.19377
649,-1,4,8,4,-6672,1314,-16496,0.0729675,1.28541
650,-1,4,10,4,-6682,1320,-16466,-0.0487385,1.23593
651,-1,4,8,4,-6698,1318,-16496,0.0729713,1.27824
652,-1,4,9,4,-6686,1314,-16486,0.0121155,1.28215
653,-1,4,9,4,-6690,1316,-16474,0.0121136,1.21746
654,-1,4,9,4,-6680,1306,-16478,0.0124054,1.23239
655,-1,4,9,4,-6680,1306,-16474,0.0126934,1.30801
656,-1,4,10,4,-6678,1300,-16472,-0.0479355,1.26513
657,-1,4,8,4,-6680,1326,-16472,0.0742931,1.27915
658,-1,5,10,4,-6696,1312,-16492,-0.0478535,1.26299
659,-1,5,8,4,-6696,1318,-16456,0.0738964,1.24693
660,-1,5,9,4,-6688,1320,-16492,0.0129623,1.24594
661,-1,5,10,3,-6686,1318,-16490,-0.0479126,1.24861
662,-1,5,9,4,-6684,1314,-16466,0.0132217,1.25489
663,-1,5,13,5,-6684,1294,-16474,-0.230509,1.26099
664,-1,4,7,4,-6666,1296,-16262,0.13604,1.36153
665,-1,4,9,4,-6682,1312,-16492,0.0143013,1.37057
666,-1,4,7,4,-6692,1308,-16486,0.136152,1.36069
667,-1,4,10,3,-6672,1320,-16482,-0.0462742,1.32725
668,-1,4,10,4,-6666,1306,-16512,-0.0456009,1.36555
669,-1,4,8,3,-6694,1308,-16500,0.0761776,1.41187
670,-1,4,10,4,-6690,1308,-16498,-0.0458183,1.34381
671,-1,4,11,4,-6694,1292,-16490,-0.106951,1.32923
672,-1,4,7,4,-6692,1312,-16482,0.136847,1.37945
673,-1,4,10,4,-6694,1296,-16482,-0.0462399,1.30401
674,-1,4,8,4,-6698,1316,-16480,0.075428,1.40411
675,-1,4,9,4,-6686,1296,-16498,0.0145302,1.28291
676,-1,4,8,4,-6690,1292,-16486,0.0754547,1.27608
677,-1,4,10,4,-6684,1300,-16490,-0.0463619,1.34143
678,-1,4,8,3,-6670,1304,-16488,0.076128,1.37181
679,-1,4,10,4,-6686,1318,-16486,-0.0457592,1.31082
680,-1,4,9,4,-6674,1314,-16482,0.0156326,1.3941
681,-1,4,8,4,-6672,1298,-16472,0.0770702,1.35877
682,-1,4,9,4,-6672,1318,-16492,0.0165539,1.44496
683,-1,4,9,4,-6684,1302,-16454,0.0166473,1.38633
684,-1,4,9,4,-6686,1314,-16476,0.0166798,1.3848
685,-1,4,9,4,-6696,1338,-16498,0.0164146,1.42547
686,-1,4,9,4,-6696,1320,-16496,0.0161514,1.34434
687,-1,4,9,4,-6694,1292,-16496,0.0159492,1.32809
688,-1,5,10,4,-6678,1312,-16482,-0.0447483,1.34185
689,-1,4,8,4,-6688,1322,-16458,0.0771732,1.3976
690,-1,4,10,4,-6686,1300,-16470,-0.0447407,1.33511
691,-1,4,10,4,-6672,1296,-16462,-0.0442867,1.42065
692,-1,4,8,4,-6682,1322,-16482,0.0778084,1.4261
693,-1,4,9,3,-6692,1314,-16498,0.0166798,1.3517
694,-1,4,9,4,-6688,1306,-16508,0.0166435,1.34583
695,-1,5,9,3,-6694,1298,-16494,0.0164299,1.32871
696,-1,4,9,4,-6698,1312,-16498,0.016098,1.36521
697,-1,4,9,3,-6676,1318,-16496,0.0164223,1.38206
698,-1,4,9,4,-6672,1318,-16478,0.0168591,1.34509
699,-1,4,9,4,-6690,1302,-16502,0.0167561,1.39601
700,-1,4,8,4,-6686,1294,-16496,0.0777416,1.39346
701,-1,4,9,3,-6676,1302,-16510,0.0170727,1.34855
702,-1,4,9,3,-6672,1300,-16480,0.0174923,1.43276
703,-1,4,9,4,-6690,1296,-16496,0.0173702,1.36096
704,-1,4,10,4,-6684,1298,-16492,-0.0435448,1.42236
705,-1,4,8,4,-6684,1308,-16510,0.0784607,1.3617
706,-1,4,9,4,-6686,1316,-16480,0.0174789,1.35817
707,-1,4,9,4,-6680,1302,-16470,0.0176487,1.42676
708,-1,4,8,4,-6672,1304,-16486,0.0790215,1.44912
709,-1,4,8,3,-6678,1310,-16474,0.0792313,1.39889
710,-1,4,10,4,-6696,1310,-16480,-0.0430431,1.37576
711,-1,4,9,4,-6708,1304,-16502,0.0172558,1.39136
712,-1,4,9,4,-6678,1314,-16496,0.017477,1.34156
713,-1,4,7,4,-6680,1312,-16484,0.139574,1.40972
714,-1,4,10,4,-6680,1302,-16480,-0.0432034,1.4167
715,-1,4,10,4,-6686,1306,-16480,-0.0432301,1.41227
716,-1,4,8,4,-6660,1308,-16486,0.0794582,1.45639
717,-1,4,10,4,-6682,1302,-16476,-0.0424137,1.39773
718,-1,4,8,4,-6688,1310,-16474,0.0794296,1.44967
719,-1,4,11,4,-6686,1308,-16482,-0.103535,1.3834
720,-1,4,7,4,-6678,1310,-16484,0.140556,1.45399
721,-1,4,10,4,-6686,1300,-16476,-0.0424175,1.38745
722,-1,4,9,4,-6670,1314,-16488,0.0189857,1.47273
723,-1,4,8,4,-6672,1308,-16496,0.0803146,1.49286
724,-1,4,9,4,-6672,1306,-16490,0.0196896,1.45164
725,-1,4,9,4,-6694,1296,-16468,0.0193806,1.42992
726,-1,4,9,4,-6670,1290,-16476,0.0197849,1.51419
727,-1,4,8,3,-6696,1304,-16486,0.0803814,1.42751
728,-1,4,10,3,-6702,1312,-16496,-0.0421162,1.39082
729,-1,4,9,4,-6694,1298,-16504,0.0185566,1.43041
730,-1,4,9,3,-6678,1310,-16484,0.0187302,1.37813
731,-1,4,9,4,-6694,1306,-16460,0.018425,1.3567
732,-1,5,9,4,-6694,1294,-16470,0.0181217,1.33545
733,-1,5,10,4,-6694,1310,-16488,-0.0431499,1.31437
734,-1,4,9,4,-6682,1298,-16490,0.017889,1.37685
735,-1,4,11,4,-6684,1320,-16492,-0.104052,1.31353
736,-1,4,8,4,-6688,1320,-16498,0.0787601,1.3646
737,-1,4,10,4,-6668,1320,-16504,-0.0427055,1.33113
738,-1,4,8,3,-6694,1308,-16488,0.0789452,1.37056
739,-1,4,8,4,-6688,1312,-16498,0.0788212,1.3604
740,-1,4,10,4,-6668,1316,-16504,-0.0426559,1.38763
741,-1,4,8,4,-6400,1314,-16502,0.087698,1.91521
742,-1,4,10,4,-6684,1324,-16474,-0.0343704,1.84414
743,-1,4,8,4,-6696,1316,-16490,0.087101,1.87258
744,-1,4,11,4,-6694,1308,-16500,-0.0962315,1.78309
745,-1,4,8,3,-6680,1300,-16498,0.0867023,1.84193
746,-1,4,10,3,-6680,1304,-16486,-0.0352383,1.77872
747,-1,4,9,4,-6670,1300,-16490,0.026041,1.85603
748,-1,4,9,4,-6680,1324,-16504,0.0260429,1.79235
749,-1,4,9,4,-6698,1314,-16472,0.0255089,1.75592
750,-1,4,10,4,-6684,1308,-16490,-0.0355759,1.80695
751,-1,4,8,3,-6670,1320,-16476,0.0866737,1.82315
752,-1,4,10,3,-6670,1318,-16488,-0.034977,1.77803
753,-1,4,8,3,-6682,1312,-16470,0.0869064,1.8321
754,-1,4,9,4,-6684,1324,-16476,0.0258045,1.82139
755,-1,4,9,4,-6682,1312,-16470,0.0257359,1.81443
756,-1,4,9,4,-6698,1306,-16258,0.0251923,1.77752
757,-1,4,9,4,-6682,1302,-16492,0.0251274,1.70988
758,-1,4,9,4,-6686,1310,-16492,0.0249424,1.69569
759,-1,5,9,3,-6668,1324,-16470,0.0252914,1.71519
760,-1,5,9,3,-6686,1314,-16484,0.0251007,1.70067
761,-1,5,9,4,-6688,1310,-16464,0.0248508,1.68247
762,-1,4,10,4,-6666,1314,-16484,-0.035717,1.76645
763,-1,4,10,4,-6678,1306,-16486,-0.0356655,1.7666
764,-1,4,8,4,-6698,1316,-16494,0.0857353,1.66828
765,-1,4,10,4,-6690,1322,-16500,-0.0365162,1.64623
766,-1,4,9,4,-6676,1318,-16460,0.0245743,1.71147
767,-1,4,9,4,-6678,1298,-16470,0.0246258,1.65084
768,-1,4,9,4,-6684,1304,-16492,0.024498,1.70082
769,-1,4,10,4,-6680,1310,-16488,-0.0364838,1.63633
770,-1,4,10,3,-6680,1320,-16468,-0.0364857,1.63274
771,-1,5,8,4,-6668,1312,-16490,0.0858116,1.65149
772,-1,5,10,4,-6672,1310,-16492,-0.0359116,1.6624
773,-1,4,8,4,-6678,1322,-16476,0.0860767,1.7228
774,-1,4,10,3,-6678,1314,-16496,-0.0358315,1.66113
775,-1,4,8,3,-6688,1312,-16492,0.0858555,1.7026
776,-1,4,10,4,-6690,1304,-16474,-0.0364094,1.61851
777,-1,4,8,4,-6696,1304,-16486,0.0850449,1.64533
778,-1,4,9,3,-6690,1298,-16490,0.0237579,1.62271
779,-1,4,8,4,-6696,1308,-16468,0.0842381,1.58904
780,-1,4,9,4,-6702,1310,-16490,0.0225964,1.54448
781,-1,4,9,4,-6676,1316,-16490,0.022707,1.48797
782,-1,4,9,4,-6684,1304,-16486,0.0225773,1.5383
783,-1,4,9,4,-6678,1308,-16468,0.022625,1.47791
784,-1,4,9,4,-6676,1288,-16474,0.0227299,1.54308
785,-1,4,9,4,-6684,1306,-16472,0.0225945,1.53215
786,-1,4,8,4,-6694,1296,-16506,0.0831318,1.4416
787,-1,4,10,4,-6682,1300,-16466,-0.0388908,1.43471
788,-1,5,9,4,-6688,1306,-16496,0.0218353,1.41659
789,-1,5,9,4,-6686,1304,-16500,0.0216465,1.40234
790,-1,5,9,4,-6696,1312,-16480,0.021162,1.36948
791,-1,4,9,4,-6682,1318,-16468,0.0210972,1.42406
792,-1,4,9,4,-6682,1304,-16494,0.0210304,1.41765
793,-1,4,9,4,-6678,1316,-16490,0.0210819,1.35771
794,-1,4,9,4,-6688,1300,-16486,0.020834,1.40091
795,-1,4,10,4,-6672,1300,-16488,-0.0399094,1.35218
796,-1,4,9,4,-6678,1316,-16504,0.0211182,1.35296
797,-1,5,9,4,-6674,1300,-16474,0.0212841,1.36109
798,-1,4,10,4,-6670,1298,-16506,-0.0394058,1.43746
799,-1,4,9,4,-6674,1314,-16504,0.0217323,1.44507
800,-1,4,9,4,-6676,1310,-16464,0.0218315,1.44873
801,-1,4,9,4,-6680,1302,-16482,0.0218086,1.44476
802,-1,4,9,4,-6680,1310,-16492,0.0217857,1.44074
803,-1,4,10,4,-6676,1316,-16494,-0.0390911,1.38315
804,-1,4,8,4,-6686,1314,-16258,0.082653,1.36771
805,-1,5,11,4,-6686,1314,-16510,-0.100468,1.35237
806,-1,4,6,4,-6668,1330,-16512,0.204735,1.43171
807,-1,4,10,3,-6682,1314,-16490,-0.039259,1.36261
808,-1,4,9,3,-6680,1298,-16460,0.0216846,1.41919
809,-1,4,9,4,-6686,1316,-16482,0.0214729,1.40354
810,-1,4,11,4,-6684,1318,-16476,-0.10062,1.33075
811,-1,4,7,4,-6680,1320,-16508,0.14325,1.38742
812,-1,4,10,4,-6692,1306,-16490,-0.040062,1.29969
813,-1,4,9,4,-6682,1322,-16484,0.0208302,1.35282
814,-1,4,9,4,-6672,1310,-16510,0.0210419,1.36366
815,-1,4,9,4,-6668,1314,-16508,0.0213661,1.32075
816,-1,4,9,4,-6686,1316,-16500,0.0211525,1.30486
817,-1,5,11,4,-6682,1314,-16492,-0.100885,1.29655
818,-1,4,7,3,-6696,1326,-16470,0.142508,1.32306
819,-1,4,11,4,-6700,1304,-16468,-0.102009,1.2205
820,-1,4,6,3,-6688,1322,-16478,0.202604,1.26275
821,-1,4,12,4,-6690,1322,-16500,-0.163559,1.17946
822,-1,4,9,4,-6684,1314,-16264,0.0192394,1.22952
823,-1,4,9,4,-6682,1306,-16494,0.0191708,1.22239
824,-1,4,10,4,-6684,1300,-16476,-0.0419292,1.21152
825,-1,4,8,4,-6694,1304,-16504,0.0795956,1.12105
826,-1,4,9,4,-6700,1308,-16506,0.0180225,1.08065
827,-1,5,9,4,-6694,1306,-16496,0.0176067,1.05189
828,-1,4,9,4,-6678,1318,-16494,0.0176697,1.11427
829,-1,4,8,3,-6686,1302,-16482,0.0784626,1.03967
830,-1,4,10,4,-6688,1302,-16478,-0.0437222,1.0224
831,-1,5,7,4,-6674,1310,-16498,0.139378,1.03143
832,-1,5,10,4,-6678,1316,-16484,-0.0434933,1.03279
833,-1,5,7,3,-6706,1320,-16500,0.138647,0.981752
834,-1,5,10,4,-6682,1290,-16504,-0.0443401,0.915159
835,-1,5,9,4,-6662,1290,-16508,0.0171661,1.06884
836,-1,5,8,3,-6678,1304,-16502,0.0781841,1.00923
837,-1,4,9,3,-6666,1296,-16486,0.0176086,1.0329
838,-1,4,8,4,-6696,1308,-16482,0.0780811,1.06113
839,-1,4,10,4,-6694,1304,-16490,-0.044302,1.03245
840,-1,4,9,3,-6676,1322,-16482,0.0167789,0.976725
841,-1,4,11,3,-6400,1314,-16496,-0.0968857,1.49737
842,-1,4,7,4,-6684,1302,-16500,0.146772,1.54164
843,-1,4,10,3,-6686,1308,-16488,-0.0364513,1.46033
844,-1,4,8,3,-6688,1310,-16458,0.0851383,1.49737
845,-1,4,9,4,-6686,1308,-16470,0.0238667,1.47738
846,-1,4,10,3,-6686,1316,-16482,-0.0374012,1.39655
847,-1,4,8,4,-6670,1294,-16476,0.0847301,1.46771
848,-1,4,8,4,-6688,1314,-16500,0.0843678,1.38306
849,-1,4,11,4,-6676,1318,-16504,-0.0985527,1.382
850,-1,5,9,4,-6668,1302,-16496,0.0236397,1.39579
851,-1,5,8,4,-6680,1298,-16506,0.0844898,1.38688
852,-1,4,10,4,-6690,1302,-16492,-0.0378761,1.42026
853,-1,4,10,4,-6702,1306,-16476,-0.0386391,1.37051
854,-1,4,9,4,-6670,1306,-16460,0.0225296,1.3201
855,-1,4,9,4,-6682,1306,-16466,0.0223637,1.30801
856,-1,5,8,4,-6666,1304,-16478,0.0836411,1.32586
857,-1,5,9,4,-6668,1318,-16490,0.0229053,1.33965
858,-1,5,10,4,-6674,1322,-16492,-0.0380096,1.34194
859,-1,4,8,3,-6686,1304,-16482,0.0836391,1.38266
860,-1,4,11,4,-6676,1300,-16476,-0.0992813,1.32026
861,-1,4,8,4,-6668,1312,-16490,0.0838814,1.39467
862,-1,4,10,4,-6686,1310,-16488,-0.0383663,1.31324
863,-1,4,7,4,-6690,1318,-16464,0.144136,1.34644
864,-1,4,12,4,-6674,1328,-16474,-0.160673,1.28784
865,-1,4,8,4,-6674,1310,-16482,0.0832901,1.35105
866,-1,4,8,4,-6692,1310,-16468,0.0828114,1.31953
867,-1,4,10,3,-6684,1296,-16464,-0.0393715,1.2423
868,-1,4,8,4,-6688,1314,-16460,0.0822239,1.27965
869,-1,4,11,3,-6668,1316,-16482,-0.100452,1.23262
870,-1,4,9,3,-6688,1308,-16478,0.0211525,1.20893
871,-1,5,10,4,-6684,1304,-16476,-0.0400448,1.13196
872,-1,5,9,3,-6680,1310,-16490,0.0208302,1.18453
873,-1,5,10,4,-6678,1296,-16488,-0.040184,1.24084
874,-1,4,10,4,-6676,1328,-16460,-0.0401592,1.30086
875,-1,4,11,4,-6686,1294,-16474,-0.101398,1.09821
876,-1,4,7,4,-6702,1314,-16476,0.141758,1.23169
877,-1,5,267,3,-6668,1322,-16500,-15.7104,1.06339
878,-1,4,5,3,-6682,1328,-16488,0.266216,1.2345
879,-1,4,6,3,-6694,1312,-16482,0.205883,1.07839
880,-1,4,12,4,-6694,1302,-16504,-0.159325,0.983616
881,-1,5,8,4,-6692,1302,-16490,0.085268,1.07586
882,-1,5,9,4,-6666,1322,-16500,0.0257435,0.973076
883,-1,5,6,3,-6678,1310,-16480,0.209728,1.03048
884,-1,5,267,4,-6668,1294,-16496,-15.7024,1.04555
885,-1,4,9,4,-6670,1290,-16490,0.0318089,1.17854
886,-1,4,4,5,-6686,1312,-16506,0.33861,1.0985
887,-1,3,10,5,-6670,1342,-16488,-0.024868,1.17046
888,-1,3,2,1,-6386,1340,-16488,0.473658,1.71164
889,-1,5,18,3,-6700,1318,-16498,-0.500631,1.29339
890,-1,6,-8,6,-6722,1308,-16496,1.0853,1.38339
891,-1,7,9,10,-6694,1306,-16460,-16.412,1.34386
892,-1,3,5,3,-6666,1322,-16482,0.298698,1.8448
893,-1,3,9,3,-6690,1314,-16470,0.0574627,1.26406
894,-1,3,12,4,-6720,1304,-16468,-0.123713,1.23735
895,-1,4,11,6,-6704,1322,-16486,-0.0605278,1.48545
896,-1,4,11,4,-6402,1368,-16494,-0.0493984,1.74947
897,-1,4,6,3,-6658,1334,-16476,0.258863,1.65059
898,-1,5,12,4,-6692,1282,-16474,-0.10465,1.73168
899,-1,5,6,4,-6668,1314,-16450,0.264206,1.85798
900,-1,5,3,4,-6658,1298,-16470,-16.0118,1.63692
901,-1,4,0,2,-6684,1292,-16484,0.638166,1.85467
902,-1,5,2,5,-6692,1300,-16472,-15.9426,1.56988
903,-1,3,1,3,-6704,1330,-16464,0.585846,1.87282
904,-1,4,2,4,-6716,1330,-16472,-15.9336,1.48331
905,-1,4,10,4,-6688,1314,-16488,0.0476608,1.51292
906,-1,4,5,4,-6676,1306,-16496,0.358473,1.62621
907,-1,4,13,4,-6678,1324,-16478,-0.123526,1.55282
908,-1,4,8,3,-6676,1334,-16476,0.18713,1.48321
909,-1,4,9,4,-6680,1302,-16480,0.131731,1.46711
910,-1,4,11,5,-6692,1290,-16488,0.014925,1.48966
911,-1,4,3,4,-6696,1326,-16486,0.507652,1.44415
912,-1,4,13,4,-6682,1308,-16502,-0.0968227,1.30332
913,-1,4,10,3,-6672,1322,-16502,0.091608,1.4252
914,-1,5,7,3,-6680,1316,-16478,0.279707,1.28815
915,-1,5,9,3,-6668,1322,-16500,0.163206,1.35652
916,-1,5,10,3,-6662,1324,-16472,0.107779,1.31395
917,-1,5,5,4,-6670,1312,-16478,0.417864,1.43902
918,-1,5,12,4,-6694,1310,-16470,-0.00453568,1.27521
919,-1,4,6,3,-6682,1310,-16508,0.366018,1.37816
920,-1,5,13,4,-6710,1296,-16504,-0.0569973,1.24603
921,-1,4,6,4,-6688,1300,-16496,0.374222,1.33874
922,-1,4,13,4,-6676,1330,-16494,-0.0479164,1.21023
923,-1,4,6,4,-6666,1330,-16496,0.383812,1.28332
924,-1,5,12,4,-6672,1314,-16500,0.0226135,1.16203
925,-1,4,6,4,-6698,1320,-16464,0.392263,1.29695
926,-1,5,12,4,-6704,1312,-16484,0.0299759,1.05534
927,-1,4,9,3,-6680,1280,-16482,0.217119,1.10313
928,-1,5,8,4,-6696,1298,-16498,0.281757,1.12112
929,-1,4,7,3,-6686,1322,-16482,0.346621,1.03632
930,-1,4,10,3,-6684,1324,-16488,0.167578,1.01645
931,-1,4,6,4,-6668,1346,-16454,0.415754,1.14859
932,-1,6,1,0,-6408,1354,-16490,-15.7297,1.15639
933,-1,5,0,11,-6694,970,-16508,-15.663,-14.8631
934,-1,1,4,7,-6708,1036,-16450,0.561699,2.81121
935,-1,83,13,8,-6676,1322,-16454,0.0189648,-14.5137
936,-1,85,3,3,-6678,1306,-16478,0.634581,1.26739
937,-1,93,13,4,-6660,1308,-16500,0.0311394,1.35044
938,-1,5,7,3,-6682,1286,-16460,0.402544,1.57493
939,-1,3,0,5,-6690,1326,-16492,0.834553,1.47973
940,-1,4,4,7,-6672,1344,-16460,-15.8659,1.11364
941,-1,7,-13,6,-6692,1282,-16490,1.64016,0.954013
942,-1,8,22,20,-6672,980,-16260,-16.9495,1.3809
943,-1,3,-7,11,-6396,1348,-16480,1.29804,2.38411
944,-1,1,267,4,-6698,1298,-16258,-15.4014,-14.6823
945,-1,3,12,2,-6704,1288,-16480,0.154984,2.75281
946,-1,0,1,1,-6694,1322,-16476,0.833447,1.60973
947,-1,1,4,9,-6678,1300,-16478,-15.8036,1.35067
948,-1,6,4,2,-6658,1310,-16490,0.669582,1.86073
949,-1,6,11,4,-6706,1290,-16472,0.250929,1.54902
950,-1,3,10,5,-6698,1330,-16486,0.320189,1.67982
951,-1,4,6,4,-6384,1352,-16262,0.581524,2.09276
952,-1,4,10,3,-6388,1326,-16472,0.354683,2.55211
953,-1,5,5,4,-6698,1288,-16490,0.66717,2.5475
954,-1,5,12,4,-6678,1312,-16482,0.248423,2.51992
955,-1,4,7,3,-6680,1336,-16500,0.561178,2.54973
956,-1,4,7,4,-6682,1324,-16484,0.568851,2.45408
957,-1,4,11,3,-6694,1310,-16490,0.332142,2.39724
958,-1,4,7,4,-6692,1306,-16480,0.583158,2.40567
959,-1,4,11,4,-6672,1316,-16486,0.346846,2.33
960,-1,4,7,4,-6668,1296,-16482,0.598312,2.32278
961,-1,4,10,4,-6690,1296,-16478,0.422169,2.33536
962,-1,4,10,4,-6696,1320,-16490,0.428654,2.2762
963,-1,4,6,3,-6684,1302,-16482,0.67926,2.17908
964,-1,4,12,4,-6704,1298,-16470,0.319407,2.10588
965,-1,4,8,4,-6684,1302,-16464,0.56978,2.19276
966,-1,4,12,4,-6684,1310,-16494,0.332241,2.03604
967,-1,4,5,3,-6672,1316,-16492,0.76565,2.02396
968,-1,5,12,3,-6694,1292,-16474,0.344635,1.90983
969,-1,4,7,4,-6704,1312,-16474,0.654907,2.02145
970,-1,4,9,4,-6674,1326,-16486,0.539127,1.88501
971,-1,4,10,3,-6674,1312,-16270,0.484205,1.87055
972,-1,5,7,4,-6686,1294,-16484,0.672701,1.83373
973,-1,5,13,4,-6692,1300,-16470,0.312141,1.78604
974,-1,4,6,4,-6672,1314,-16490,0.744734,1.89812
975,-1,4,12,4,-6678,1316,-16484,0.384361,1.69411
976,-1,4,5,4,-6686,1316,-16480,0.816301,1.78018
977,-1,5,0,4,-6678,1314,-16468,-15.3358,1.63762
978,-1,4,5,4,-6672,1306,-16468,0.829256,1.81127
979,-1,5,11,4,-6686,1304,-16482,0.46936,1.59292
980,-1,4,8,4,-6690,1330,-16260,0.657999,1.73327
981,-1,4,10,4,-6678,1322,-16478,0.542002,1.65255
982,-1,3,9,3,-6674,1318,-16480,0.608925,1.64041
983,-1,4,9,3,-6688,1308,-16480,0.614334,1.54118
984,-1,4,8,4,-6676,1322,-16486,0.68095,1.58668
985,-1,4,10,4,-6678,1316,-16472,0.564466,1.50659
986,-1,4,8,4,-6676,1306,-16476,0.69182,1.5523
987,-1,4,10,4,-6682,1304,-16468,0.574982,1.52591
988,-1,4,10,4,-6686,1314,-16502,0.579865,1.49228
989,-1,4,7,4,-6682,1324,-16506,0.76767,1.46644
990,-1,4,12,4,-6684,1302,-16480,0.467512,1.37611
991,-1,4,7,4,-6696,1304,-16464,0.776636,1.3856
992,-1,5,12,4,-6690,1300,-16498,0.476089,1.22393
993,-1,4,9,4,-6708,1290,-16474,0.662708,1.27295
994,-1,5,9,3,-6702,1286,-16484,0.666479,1.15111
995,-1,4,9,4,-6690,1310,-16486,0.670506,1.17433
996,-1,4,10,4,-6690,1320,-16486,0.613457,1.076
997,-1,4,8,3,-6684,1304,-16500,0.739405,1.05025
998,-1,4,9,4,-6678,1310,-16500,0.682501,1.09693
999,-1,4,9,4,-6672,1316,-16494,0.686644,1.09394
1000,-1,4,9,4,-6692,1318,-16480,0.690088,1.05355
1001,-1,4,10,4,-6680,1312,-16502,0.632818,0.97505
1002,-1,4,10,4,-6682,1302,-16500,0.63637,0.953939
1003,-1,4,9,4,-6688,1298,-16488,0.700619,0.982792
1004,-1,4,8,3,-6684,1304,-16478,0.764883,0.897511
1005,-1,4,11,3,-6682,1300,-16488,0.58522,0.938154
1006,-1,4,8,4,-6680,1314,-16498,0.771366,0.921749
1007,-1,4,10,4,-6674,1316,-16490,0.652723,0.855722
1008,-1,4,8,4,-6696,1310,-16464,0.777225,0.87055
1009,-1,4,10,4,-6690,1310,-16466,0.657923,0.775171
1010,-1,4,8,4,-6678,1310,-16478,0.782782,0.763563
1011,-1,5,9,3,-6690,1314,-16482,0.724266,0.729635
1012,-1,4,9,4,-6680,1302,-16512,0.726934,0.775736
1013,-1,4,8,4,-6692,1310,-16498,0.790125,0.738583
1014,-1,4,11,4,-6686,1292,-16496,0.609518,0.713058
1015,-1,4,9,4,-6684,1316,-16490,0.733763,0.691547
1016,-1,4,9,3,-6680,1312,-16492,0.736088,0.616762
1017,-1,4,10,4,-6694,1316,-16482,0.676939,0.576935
1018,-1,4,8,4,-6684,1308,-16494,0.800928,0.617226
1019,-1,4,9,4,-6688,1308,-16494,0.741791,0.52832
1020,-1,4,9,3,-6670,1318,-16492,0.74408,0.534328
1021,-1,4,9,4,-6682,1322,-16492,0.745926,0.578775
1022,-1,4,9,4,-6680,1320,-16490,0.747751,0.566153
1023,-1,4,10,4,-6678,1316,-16484,0.688583,0.496418
1024,-1,4,8,4,-6696,1306,-16478,0.811722,0.515083
1025,-1,4,10,4,-6694,1302,-16480,0.69095,0.416048
1026,-1,4,8,4,-6702,1320,-16504,0.813765,0.363508
1027,-1,5,11,4,-6696,1310,-16474,0.631821,0.322826
1028,-1,4,8,4,-6688,1310,-16470,0.815891,0.358557
1029,-1,4,9,3,-6684,1310,-16490,0.756107,0.280115
1030,-1,4,10,4,-6682,1290,-16488,0.696312,0.327557
1031,-1,4,7,5,-6676,1318,-16484,0.880512,0.325378
1032,-1,4,9,4,-6684,1324,-16502,0.759525,0.247293
1033,-1,4,9,4,-6682,1316,-16486,0.760477,0.29509
1034,-1,4,9,4,-6694,1310,-16498,0.761002,0.259649
1035,-1,4,10,4,-6678,1306,-16474,0.700964,0.254532
1036,-1,4,10,4,-6684,1316,-16472,0.701658,0.177286
1037,-1,4,7,4,-6684,1302,-16498,0.885202,0.161209
1038,-1,4,9,3,-6696,1288,-16484,0.763447,0.183887
1039,-1,4,10,3,-6684,1298,-16490,0.702965,0.168486
1040,-1,4,8,3,-6686,1298,-16492,0.825279,0.0885639
1041,-1,4,10,4,-6690,1296,-16482,0.703516,0.0623837
1042,-1,4,9,4,-6696,1304,-16488,0.764441,0.0863018
1043,-1,4,9,4,-6674,1318,-16494,0.764982,0.151779
1044,-1,3,11,3,-6670,1322,-16474,0.643635,0.102711
1045,-1,3,8,4,-6696,1306,-16480,0.826324,0.0658989
1046,-1,4,11,4,-6686,1326,-16494,0.643412,0.048233
1047,-1,4,7,3,-6668,1302,-16472,0.887791,0.00344086
1048,-1,4,1,4,-6672,1316,-16490,-15.2082,0.0119438
1049,-1,4,2,3,-6666,1322,-16498,1.19578,0.0925121
1050,-1,5,0,4,-6694,1286,-16496,-15.1438,-0.123363
1051,-1,4,7,5,-6686,1306,-16508,0.894855,0.102949
1052,-1,5,7,3,-6674,1320,-16466,0.897163,-0.0749207
1053,-1,4,15,4,-6690,1300,-16450,0.411133,-0.0388355
1054,-1,4,4,4,-6680,1322,-16492,1.08383,0.0772152
1055,-1,5,0,3,-6664,1330,-16476,-15.1321,-0.142614
1056,-1,4,1,3,-6674,1324,-16460,1.27347,0.045393
1057,-1,6,13,3,-6686,1306,-16494,0.544456,-0.154921
1058,-1,4,11,5,-6684,1292,-16474,0.669081,0.0755501
1059,-1,4,8,4,-6682,1306,-16496,0.854637,0.066021
1060,-1,4,12,3,-6676,1314,-16486,0.613462,-0.176067
1061,-1,4,7,4,-6688,1286,-16484,0.920607,-0.0137634
1062,-1,5,10,4,-6694,1304,-16486,0.739681,-0.0453243
1063,-1,4,8,3,-6682,1320,-16470,0.863895,-0.11503
1064,-1,5,11,3,-6688,1310,-16494,0.682974,-0.195818
1065,-1,5,6,4,-6688,1290,-16502,0.989756,-0.0934162
1066,-1,5,11,4,-6682,1286,-16488,0.686882,-0.162468
1067,-1,4,7,4,-6676,1308,-16474,0.932869,-0.0982552
1068,-1,5,10,3,-6680,1292,-16478,0.751823,-0.224463
1069,-1,4,9,4,-6676,1302,-16482,0.814713,-0.0992355
1070,-1,5,9,4,-6678,1314,-16494,0.816479,-0.160698
1071,-1,4,9,4,-6676,1306,-16486,0.818218,-0.0964622
1072,-1,4,9,3,-6670,1312,-16494,0.820049,-0.143
1073,-1,4,12,4,-6672,1302,-16500,0.638821,-0.0715046
1074,-1,4,7,4,-6692,1308,-16502,0.944712,-0.159435
1075,-1,4,10,4,-6688,1310,-16506,0.762844,-0.17856
1076,-1,4,9,4,-6696,1312,-16482,0.824566,-0.151394
1077,-1,4,8,3,-6702,1298,-16466,0.88603,-0.256929
1078,-1,4,10,3,-6692,1314,-16490,0.764801,-0.282217
1079,-1,5,10,3,-6682,1322,-16502,0.765749,-0.288479
1080,-1,4,9,4,-6686,1316,-16490,0.827478,-0.180168
1081,-1,4,11,4,-6684,1310,-16482,0.706276,-0.250853
1082,-1,4,6,3,-6676,1314,-16504,1.01205,-0.306444
1083,-1,4,12,4,-6678,1294,-16500,0.646976,-0.304842
1084,-1,4,7,4,-6686,1306,-16490,0.952312,-0.196238
1085,-1,4,10,3,-6668,1324,-16486,0.770311,-0.297718
1086,-1,4,11,4,-6684,1306,-16492,0.709721,-0.307373
1087,-1,4,5,4,-6690,1308,-16464,1.0757,-0.267117
1088,-1,5,13,4,-6698,1304,-16482,0.587725,-0.424427
1089,-1,4,7,3,-6696,1332,-16494,0.953403,-0.33362
1090,-1,5,11,3,-6686,1318,-16478,0.70957,-0.4676
1091,-1,5,8,4,-6690,1300,-16492,0.892376,-0.425938
1092,-1,5,10,4,-6708,1292,-16472,0.769714,-0.417616
1093,-1,4,10,3,-6696,1312,-16474,0.769308,-0.447142
1094,-1,4,7,4,-6696,1294,-16502,0.951761,-0.476252
1095,-1,4,10,3,-6704,1306,-16468,0.768072,-0.51989
1096,-1,4,9,4,-6688,1318,-16488,0.828705,-0.594009
1097,-1,4,8,4,-6686,1336,-16258,0.88933,-0.542234
1098,-1,4,10,4,-6690,1316,-16512,0.766859,-0.619713
1099,-1,4,8,4,-6684,1312,-16486,0.888405,-0.563778
1100,-1,4,8,4,-6690,1312,-16498,0.887758,-0.640886
1101,-1,4,10,3,-6678,1316,-16490,0.765467,-0.63435
1102,-1,4,9,4,-6688,1312,-16484,0.825747,-0.585556
1103,-1,4,8,4,-6684,1302,-16260,0.886084,-0.590063
1104,-1,4,11,3,-6676,1312,-16472,0.702711,-0.640495
1105,-1,4,8,4,-6686,1314,-16504,0.884832,-0.587748
1106,-1,4,10,4,-6686,1330,-16484,0.76203,-0.656792
1107,-1,4,8,3,-6682,1316,-16482,0.883188,-0.657236
1108,-1,5,11,4,-6682,1294,-16482,0.699427,-0.657623
1109,-1,4,7,4,-6690,1304,-16486,0.942196,-0.611927
1110,-1,4,9,4,-6696,1330,-16498,0.818886,-0.699135
1111,-1,4,8,4,-6696,1324,-16478,0.87845,-0.664005
1112,-1,4,8,3,-6690,1324,-16464,0.877169,-0.739229
1113,-1,5,12,4,-6704,1308,-16476,0.631538,-0.840357
1114,-1,4,6,5,-6696,1320,-16508,0.995846,-0.682068
1115,-1,4,13,4,-6678,1328,-16502,0.56798,-0.733686
1116,-1,3,3,4,-6684,1310,-16474,1.17645,-0.674629
1117,-1,3,8,4,-6666,1326,-16502,0.870758,-0.703825
1118,-1,4,1,11,-6714,1342,-16464,1.29527,-0.883991
1119,-1,6,2,266,-6708,1306,-16484,1.23209,-1.11309
1120,-1,5,12,3,-6688,1310,-16464,-15.8415,-0.694431
1121,-1,5,2,12,-6672,1328,-16260,1.23174,-0.855471
1122,-1,4,7,5,-6680,1332,-16274,-15.5356,-0.970686
1123,-1,5,2,2,-6690,1334,-16486,1.23328,-0.738754
1124,-1,5,12,4,-6688,1300,-16484,0.624104,-0.868719
1125,-1,3,9,4,-6678,1332,-16486,0.807835,-0.735945
1126,-1,5,77,-170,-6678,1318,-16262,-3.33746,-0.969088
1127,-1,61,-991,-2652,-6882,1202,-16498,61.7747,-27.9837
1128,-1,317,1636,1846,426,-1394,-18010,-114.656,-51.0348
1129,1,885,1217,488,-8478,2280,-18390,-89.1512,-112.038
1130,1,1304,93,-1232,-6758,5924,-17326,-20.6055,-95.0809
1131,1,1101,-358,243,-2996,-6148,-17534,23.4765,5.67382
1132,-1,98,-707,1513,-4662,-8488,-16278,44.8213,98.0998
1133,1,1064,-1233,-472,-4332,-1244,-16980,76.9618,148.585
1134,1,1053,-920,-1705,-12378,-2178,-19048,57.7001,-16.0721
1135,-1,482,-1297,10,-11114,3230,-14644,80.5451,-38.0412
1136,-1,260,1131,-677,-3874,-5330,-16356,-83.8872,-17.9628
1137,1,840,2783,-1161,-6470,-3274,-12374,-184.603,-125.047
1138,-1,637,1275,1275,-4642,-6748,-20290,-92.5742,24.7538
1139,1,904,990,461,-10404,-4970,-16874,-75.2847,-69.9699
1140,-1,662,365,-91,-4182,-4326,-17358,-37.0753,-79.438
1141,1,1145,354,-300,-5128,-7320,-15400,-36.3314,-79.8117
1142,1,1069,777,-174,-3596,-7280,-14838,-62.0017,-42.9663
1143,-1,658,686,-187,-4350,-7476,-15374,-56.35,24.7744
1144,-1,34,1982,662,-466,-7540,-16638,-135.147,84.4659
1145,-1,201,1484,615,-1168,-6368,-17670,-104.57,29.4053
1146,-1,188,828,404,276,-7134,-15892,-64.3141,39.5945
1147,-1,171,-249,421,1340,-8664,-17328,18.1032,55.1432
1148,-1,195,-897,1210,1208,-10042,-20754,57.8865,49.2212
1149,-1,277,-2832,2341,-1996,-10920,-22492,176.033,76.704
1150,-1,483,-4868,2850,-4578,-11732,-23364,300.237,25.3
1151,-1,750,-5597,4111,-5336,-10910,-20242,344.696,12.1392
1152,1,981,-5218,4072,-5834,-6122,-13184,321.555,22.2371
1153,1,1136,-4509,3748,-5594,-3872,-7174,278.277,-0.574646
1154,1,1369,-3299,2390,-9404,-670,-3802,204.323,-35.693
1155,1,1669,-2298,1614,-11044,1828,-1326,143.056,-47.5089
1156,1,1625,-996,872,-10080,7742,3562,63.4609,-15.6348
1157,1,1345,57,-652,-13736,8698,4440,-1.05643,-15.249
1158,1,961,151,-1607,-13310,8278,5174,-7.08097,-11.9336
1159,-1,563,1516,-2928,-11830,12066,7508,-107.013,19.6798
1160,-1,132,2618,-5211,-13318,6240,1526,-174.473,43.764
1161,-1,176,2771,-7035,-11828,3442,-806,-184.005,27.9898
1162,-1,192,2973,-8964,-6478,-7380,-6200,-196.349,-70.3414
1163,-1,112,2732,-6107,-346,-8288,-5150,-181.484,60.3954
1164,-1,213,805,-4147,5436,-15676,-8012,-63.641,121.651
1165,1,1255,-203,-615,8374,-15954,-11074,14.7105,198.213
1166,1,1559,-929,474,5242,-21656,-17414,59.3007,187.094
1167,1,1448,-2227,2871,3662,-21128,-18996,138.707,167.981
1168,-1,671,-4437,4876,-1136,-24278,-21538,273.557,87.7773
1169,-1,513,-4372,4427,-3432,-19476,-18578,269.598,-14.7541
1170,1,1658,-3211,4048,-3324,-12074,-10046,198.797,-40.2473
1171,1,2209,-1507,2265,-5078,-2912,-2174,94.8267,-2.73383
1172,1,1852,346,135,-6058,3378,5262,-34.7175,55.673
1173,1,1277,3045,-4144,-6190,3448,3478,-199.371,64.6899
1174,-1,571,2946,-3577,-7672,-2186,-1660,-193.443,137.89
1175,-1,448,3417,-4174,-6478,-1322,-3848,-222.217,252.799
1176,1,1427,2420,-2789,-5152,-14396,-12076,-161.426,256.22
1177,1,2038,1705,-2410,-3966,-11236,-13426,-117.786,252.736
1178,1,1587,722,-1794,-3046,-17164,-15346,-57.774,179.574
1179,1,857,369,-1722,-990,-16060,-16734,-36.1136,139.75
1180,-1,520,674,-1076,3514,-16516,-19206,-54.4393,221.624
1181,-1,131,138,-381,3528,-15608,-16516,-21.4858,134.454
1182,-1,122,130,-51,3168,-11358,-12618,-4.27797,126.629
1183,-1,221,-1777,779,154,-5038,-10722,112.158,327.214
1184,1,1253,-1299,-274,-1170,-16526,-18332,83.1195,373.033
1185,1,1767,112,-355,1196,-10242,-17000,-2.7404,266.265
1186,1,995,-1034,-373,-1778,-9894,-15632,67.2188,194.631
1187,-1,345,261,1314,934,-12770,-13794,-11.5832,140.047
1188,-1,104,-506,1015,-228,-6460,-16044,35.3073,373.977
1189,1,984,-358,1226,-1910,-5924,-17436,26.3516,397.123
1190,1,2206,-270,1146,-2184,-4234,-17018,21.0439,398.682
1191,1,1795,-153,39,-3096,-2766,-17724,13.939,311.746
1192,1,942,210,-72,-3108,-2796,-17326,-8.16598,235.281
1193,-1,270,91,193,-2698,-3180,-17322,-0.868875,285.01
1194,-1,97,-11,152,-3114,-2852,-17286,5.37838,289.381
1195,-1,192,-22,0,-3138,-2686,-17306,6.07533,277.981
1196,-1,142,-8,80,-3150,-2440,-17308,5.24678,283.697
1197,-1,35,-59,151,-3160,-2580,-17324,8.38039,277.573
1198,-1,13,-50,145,-2964,-2328,-17352,7.86035,281.7
1199,-1,51,-36,91,-3034,-2152,-17352,7.03245,279.663
1200,-1,0,-20,61,-3064,-1792,-17376,6.08091,294.893
1201,-1,43,-22,72,-3350,-1756,-17382,6.21768,296.545
